energy , Pressure
146.50270672165965, 0.9912500131952511
149.27278015012027, 1.1015005867412337
152.67798949036086, 1.1921636558879272
154.98222935910266, 1.301678755323263
157.91719136336852, 1.421254182420071
160.90773394614376, 1.551814103737828
163.9525436397029, 1.7093241457805375
167.05979098862588, 1.850016375170536
170.22347072803714, 2.0199634510465407
173.44706236745938, 2.2055222852758374
176.731700483101, 2.4081270125596377
187.67179799094546, 3.1346077723689536
183.4887622844362, 2.8708815031355703
180.07594243837113, 2.652553317281853
191.22581575577854, 3.4225605883991292
194.8471374118085, 3.7369654616820833
198.53990263354584, 4.044550189397608
203.0660626639655, 4.416092564452798
206.9116079289883, 4.821765740214466
211.6286196592029, 5.2647050563775455
215.63942945082997, 5.698036027153907
220.5554113447283, 6.221471697263404
225.58346401363627, 6.792991461512929
230.7294719990877, 7.352113682600529
235.1022833277309, 7.957256520655651
240.46196439810223, 8.68822976815246
245.9438313561202, 9.486352024502898
251.5542998612701, 10.267161222337162
257.2890413535826, 11.210328023832549
263.1583166888291, 12.133035425912798
269.16148188110077, 13.131689664521248
276.34046904606436, 14.3379991273717
282.64842425764056, 15.38235750806697
290.1871307462577, 16.79541888074497
296.8068770056964, 18.177827788794353
303.5776328582437, 19.674020961625892
311.6790541803816, 21.293363832894343
319.9920561519544, 23.24942485350593
328.5410030379282, 24.724628281814937
336.03082818934377, 26.99589373384545
344.9983113690417, 29.217890353483607
354.2051051947642, 31.62277660168381
363.6628440163907, 33.92613228412181
373.3677286972708, 36.718547752782705
383.33713458852975, 39.39307177331857
392.0874760939404, 42.26240411755459
404.0699801670628, 46.144732996187486
416.42468845376777, 49.94284546997772
425.9241647628672, 54.05357560188189
437.2905855282438, 58.50265454147469
450.67404309718574, 62.21471697263401
462.70095123170745, 67.33552875859912
476.8552218979025, 72.24014781687083
491.43538734128566, 78.18613967155063
502.6605146508888, 83.14714244974735
518.0371698287915, 89.20345576633036
531.8617633398381, 96.54567525819061
548.1317004023658, 103.57791763594966
564.8993435800246, 111.12237801547107
582.17991797025, 119.21636558879273
599.9977729332896, 126.78078459422052
618.3431037450431, 137.2159447552731
637.267747828159, 145.9224582882783
656.762110581434, 156.55123158441376
676.8625841126384, 166.48459187158218
697.5681741786344, 178.61108017954933
718.9071593680197, 191.6208437325719
743.7162358790976, 203.77941227312337
769.3703566058717, 218.6223994382092
792.9172516527841, 232.49424853505928
820.268536886187, 249.42878136380742
845.373191598324, 265.255331728185
871.2587576196894, 279.6178457673092
901.3254009922991, 297.35992787434714
932.4296270988427, 316.22776601683796
968.2612561949469, 336.2927907429953
994.1437886775195, 354.50169872925204
1032.3469843598812, 376.99524962790554
1072.0182615984206, 400.91604286092337
1104.8278198007824, 426.3546386377701
1142.9877869347933, 445.50744067258285
1182.448708126882, 469.62988461935
1227.8881303668188, 499.4284546997772
1275.0737096106989, 531.1177791975002
1314.1357911093592, 554.9767753483115
1359.4858686023113, 590.1907063072211
1411.769263218592, 616.7033902006218
1466.0422270246052, 650.0954092866259
1522.4016186039298, 685.2954724929605
1574.9615592972114, 722.4014781687083
1629.3360982751522, 761.5166254665353
1691.9974500082521, 795.7256520655651
1757.0432891242074, 838.8110097645922
1824.5897000857458, 884.2292670543693
1894.7601560688304, 923.9508194207041
1967.6008475689096, 973.9790564741569
2035.5603814713236, 1017.7323697119472
2113.8443924696517, 1063.4511794422535
2195.10738862137, 1121.0328023832549
2270.924836647364, 1171.3920981262982
2367.1938340781408, 1224.013645841223
2448.9550255410295, 1278.9990709361844
2543.1374550572104, 1336.4545640595093
2640.9419723361607, 1396.4910861804774
2752.8967283222714, 1459.2245828827831
2837.2730924087, 1511.434436581859
2946.3895401413047, 1579.331445149521
